485,2118,2506,983,568,368,4451,1210,354,187,7397,1469,364,184,90734,63440,41688,26919,517,254,174,130,575,249,134,80,585,180,80,48,1861,1543,1219,930
485,2118,10943,3693,1843,1024,669,523,380,343,310,299,244,234,197,163,137,136,132,113,113,109
485,2118,10943,272,187,151,141,129,110,99,70,60,53
485,2118,10943,1611,645,426,378,343,198,164,78,51,51,406,222,155,131,115,66,47,26,18,18
576,1617,4558,1937,1516,1257,5705,2384,1127,725,9310,3516,1608,800,64710,34184,18495,10900,604,383,315,274,619,396,255,147,667,370,217,149,1164,772,569,403
576,1617,13451,6595,4135,3075,2440,1514,1218,1032,936,848,764,699,622,580,510,479,450,335,326,318
576,1617,13451,375,258,197,170,160,134,121,97,92,90
576,1617,13451,3352,1752,1232,1056,999,509,228,123,24,13,546,387,308,272,259,191,108,68,18,10
3671,20777,3523,716,453,350,6228,1216,468,354,14460,2218,557,261,621548,189927,80348,38361,779,246,170,136,996,289,131,90,1534,385,153,93,9084,4053,2214,1288
3671,20777,20027,4767,1998,1135,810,633,488,367,348,219,203,195,184,180,151,151,150,147,119,118
3671,20777,20027,1435,1067,928,648,599,522,363,333,314,271
3671,20777,20027,6452,3251,2070,1390,1097,383,249,186,186,186,1311,865,612,450,357,173,112,79,79,79
