485,2118,0,0,0,0,0,0,0,0,0,0,0,0,0,0,0,0,0,0,0,0,0,0,0,0,0,0,0,0,0,0,0,0
485,2118,10943,3693,1843,1024,669,523,380,343,310,299,244,234,197,163,137,136,132,113,113,109
485,2118,10943,272,187,151,141,129,110,99,70,60,53
485,2118,1611,645,426,378,343,198,164,78,51,51,406,222,155,131,115,66,47,26,18,18
576,1617,0,0,0,0,0,0,0,0,0,0,0,0,0,0,0,0,0,0,0,0,0,0,0,0,0,0,0,0,0,0,0,0
576,1617,13451,6595,4135,3075,2440,1514,1218,1032,936,848,764,699,622,580,510,479,450,335,326,318
576,1617,13451,375,258,197,170,160,134,121,97,92,90
576,1617,13451,1752,1232,1056,999,509,228,123,24,13,546,387,308,272,259,191,108,68,18,10
3671,20777,0,0,0,0,0,0,0,0,0,0,0,0,0,0,0,0,0,0,0,0,0,0,0,0,0,0,0,0,0,0,0,0
3671,20777,20027,4767,1998,1135,810,633,488,367,348,219,203,195,184,180,151,151,150,147,119,118
3671,20777,20027,1435,1067,928,648,599,522,363,333,314,271
3671,20777,20027,3251,2070,1390,1097,383,249,186,186,186,1311,865,612,450,357,173,112,79,79,79
